date_time	MAX_CORR_1	MAX_CORR_2	MIN_CORR_1	MIN_CORR_2	MAX_DEL_1	MAX_DEL_2	MIN_DEL_1	MIN_DEL_2	MEAN	STD	MAX_WEI_1	MAX_WEI_2	MIN_WEI_1	MIN_WEI_2
1949.54415	3.02737	2.10897	2.59630	2.04539	1.33527	0.21639	-2.39005	3.05678	-0.00014	0.08932	0.01477	0.01137	0.01376	0.00973
1949.57153	2.99527	2.10252	2.60337	2.04611	-0.88704	0.78421	-0.75090	-0.55789	-0.00033	0.09096	0.01393	0.01072	0.01312	0.00981
1949.59890	2.99422	2.10693	2.60523	2.01894	-0.57534	-0.19392	-3.06310	3.99358	-0.00026	0.09104	0.01390	0.01016	0.01315	0.00950
1949.62628	3.01157	2.09792	2.60121	1.99240	-0.89988	-1.48866	-1.63252	2.74759	0.00004	0.09182	0.01353	0.01062	0.01304	0.01073
1949.65366	3.01005	2.09324	2.58186	1.98228	-0.44101	0.05588	-3.39737	6.42667	0.00031	0.09209	0.01340	0.01061	0.01268	0.01053
1949.68104	2.98148	2.09940	2.56830	1.96310	1.01435	-5.58698	-3.70957	4.21208	0.00045	0.09257	0.01374	0.00999	0.01265	0.01032
1949.70842	2.97043	2.09771	2.58015	1.96796	2.38995	-7.45867	-7.59751	7.28521	0.00024	0.09250	0.01392	0.00978	0.01271	0.01028
1949.73580	2.98173	2.09249	2.58104	1.97071	4.25973	-6.12590	-6.76475	9.68168	-0.00008	0.09285	0.01362	0.00998	0.01247	0.00994
1949.76318	2.98696	2.05458	2.59592	1.96120	5.15821	-6.76114	-9.42175	10.95455	-0.00006	0.09376	0.01299	0.00996	0.01221	0.00982
1949.79055	2.97209	2.05564	2.58900	1.95562	4.47462	-8.56250	-11.68309	10.02689	0.00020	0.09440	0.01259	0.00992	0.01244	0.01024
1949.81793	2.98284	2.03711	2.57826	1.95545	4.67857	-10.18178	-9.12440	10.01154	0.00009	0.09497	0.01225	0.00876	0.01231	0.01086
1949.84531	2.99822	2.02882	2.58416	1.96046	5.49398	-8.43890	-6.65229	6.63182	0.00011	0.09483	0.01235	0.00898	0.01306	0.01066
1949.87269	2.98172	2.02054	2.58932	1.95781	5.89125	-7.04334	-6.26756	7.10895	0.00005	0.09505	0.01241	0.00894	0.01266	0.01065
1949.90007	2.93767	2.04409	2.59470	1.97779	4.73826	-5.31922	-5.86487	4.06160	0.00001	0.09508	0.01247	0.00859	0.01297	0.01057
1949.92745	2.90977	2.04550	2.61827	2.00120	-0.10082	-3.21348	-4.03511	1.19502	0.00018	0.09528	0.01265	0.00907	0.01330	0.01015
1949.95483	2.96220	2.01816	2.62103	1.98852	0.93399	-3.78762	-2.71248	2.47000	-0.00027	0.09547	0.01275	0.00929	0.01253	0.01031
1949.98220	2.97093	2.04008	2.63481	2.00976	-0.59912	-2.02558	-2.13583	1.81621	-0.00102	0.09544	0.01214	0.00854	0.01237	0.00990
1956.00548	2.79253	1.81075	2.47124	1.78729	-1.59460	-4.56431	-16.52398	16.72422	-0.00243	0.11173	0.01281	0.00926	0.01255	0.00947
1956.03285	2.80214	1.82761	2.49564	1.80492	0.17125	-4.67024	-16.05006	15.29946	-0.00318	0.11156	0.01301	0.00936	0.01262	0.00986
1956.06023	2.82175	1.81115	2.50787	1.81600	-0.24167	-6.06852	-17.23184	15.22843	-0.00320	0.11077	0.01316	0.00924	0.01220	0.00927
1956.08761	2.82695	1.81784	2.49547	1.81548	0.02418	-10.02849	-18.70576	16.66051	-0.00303	0.11084	0.01282	0.00935	0.01214	0.00920
1956.11499	2.84146	1.82632	2.49013	1.79506	-4.62560	-5.36888	-18.65459	19.61968	-0.00173	0.10908	0.01277	0.00946	0.01261	0.00918
1956.14237	2.87384	1.76837	2.46998	1.74515	-3.99368	-4.07965	-20.05558	20.20175	-0.00008	0.10733	0.01284	0.00890	0.01258	0.00891
1956.16975	2.88036	1.75099	2.46110	1.73210	-4.87580	-5.11447	-21.94352	23.64597	0.00011	0.10681	0.01264	0.00956	0.01252	0.00880
1956.19713	2.87232	1.75416	2.46797	1.75248	-0.52157	-7.29444	-21.53551	23.24639	-0.00016	0.10766	0.01269	0.00967	0.01292	0.00949
1956.22450	2.85110	1.76367	2.47999	1.77819	0.37420	-12.13945	-13.84009	18.79856	-0.00035	0.10766	0.01274	0.00950	0.01318	0.00992
1956.25188	2.82650	1.75966	2.47730	1.77420	0.93379	-13.08056	-13.46699	16.94773	-0.00018	0.10828	0.01268	0.01014	0.01295	0.00957
1956.27926	2.82679	1.76420	2.48153	1.76769	-0.40078	-8.12440	-14.36858	16.85945	-0.00024	0.10783	0.01265	0.01055	0.01299	0.00996
1956.30664	2.84531	1.76458	2.47759	1.76786	-0.05478	-6.09019	-13.26164	15.46579	-0.00050	0.10713	0.01294	0.01001	0.01296	0.00945
1956.33402	2.80807	1.73052	2.46062	1.72498	-2.53421	-1.38975	-9.90299	14.44553	-0.00027	0.10892	0.01288	0.00912	0.01280	0.00926
1956.36140	2.80445	1.72620	2.45390	1.71908	3.08919	-7.16102	-10.65871	11.70817	0.00001	0.10982	0.01315	0.00859	0.01256	0.01027
1956.38877	2.80109	1.73288	2.46834	1.73884	2.37891	-8.20305	-13.02187	10.54023	-0.00069	0.10954	0.01327	0.00929	0.01271	0.00986
1956.41615	2.81893	1.76396	2.48611	1.74687	0.86697	-7.01043	-11.69763	7.59902	-0.00060	0.10804	0.01305	0.00975	0.01257	0.00933
1956.44353	2.83707	1.78941	2.49607	1.79907	1.88614	-16.50612	-7.79876	0.62570	-0.00046	0.10533	0.01329	0.00991	0.01298	0.00989
1956.47091	2.83287	1.78737	2.49973	1.79426	1.88333	-15.26264	-6.60995	1.73626	-0.00147	0.10672	0.01300	0.01038	0.01270	0.00919
1956.49829	2.85540	1.76261	2.52121	1.79051	-2.67386	-14.17927	-7.01956	7.69904	-0.00334	0.10915	0.01316	0.00928	0.01245	0.00978
1956.52567	2.85653	1.76656	2.51843	1.77788	-2.99147	-16.09159	-10.04244	9.77077	-0.00444	0.10964	0.01328	0.00850	0.01219	0.01027
1956.55305	2.85775	1.76034	2.50500	1.75646	-4.81360	-17.01565	-10.42055	9.86567	-0.00297	0.10934	0.01303	0.00953	0.01213	0.01074
1956.58042	2.85902	1.71285	2.47474	1.66874	-8.06400	-15.93339	-8.27327	6.36487	-0.00065	0.10919	0.01288	0.00966	0.01261	0.00998
1956.60780	2.81718	1.64673	2.46228	1.61407	-4.02448	-14.68299	-3.70486	3.54896	0.00041	0.10980	0.01293	0.00931	0.01306	0.01039
1956.63518	2.78266	1.59433	2.43982	1.58510	-3.91232	-11.58678	-1.53381	-2.20556	0.00031	0.11179	0.01337	0.01065	0.01246	0.01062
1956.66256	2.74960	1.61419	2.48086	1.65053	-1.78451	-14.68228	-1.06280	-3.89386	0.00003	0.11190	0.01322	0.01038	0.01277	0.01032
1956.68994	2.77303	1.62420	2.46532	1.64243	-0.81340	-15.05197	7.46810	-12.68850	0.00078	0.11258	0.01357	0.01109	0.01245	0.01011
1956.71732	2.80598	1.67168	2.48979	1.68077	-2.50351	-15.12550	5.52759	-9.12721	-0.00011	0.10985	0.01351	0.01055	0.01269	0.01060
1956.74470	2.85676	1.73409	2.50628	1.72685	-5.17335	-15.03050	2.60935	-5.99579	-0.00078	0.10784	0.01326	0.01078	0.01236	0.01016
1956.77207	2.83413	1.77806	2.52829	1.77272	-9.54334	-12.21158	2.18188	-5.93680	-0.00097	0.10855	0.01352	0.01168	0.01218	0.01019
1956.79945	2.81312	1.72711	2.51453	1.73739	-12.22462	-5.21930	1.21890	-2.28511	-0.00115	0.11013	0.01300	0.01170	0.01187	0.01023
1956.82683	2.84309	1.72903	2.48925	1.76230	-14.44151	-1.31069	1.31390	-1.97843	-0.00085	0.10905	0.01301	0.01202	0.01181	0.00982
1956.85421	2.85282	1.75846	2.50692	1.80875	-11.59149	-3.08778	3.70907	-4.94894	-0.00124	0.10724	0.01263	0.01090	0.01169	0.00990
1956.88159	2.90379	1.74746	2.50062	1.80437	-11.15891	-2.39516	4.99860	-5.62490	-0.00181	0.10686	0.01293	0.01110	0.01177	0.01002
1956.90897	2.92817	1.73822	2.47997	1.77954	-10.19432	-2.08437	7.05708	-9.09841	-0.00129	0.10662	0.01323	0.01010	0.01203	0.00959
1956.93634	2.92269	1.75293	2.48289	1.79402	-9.53020	-3.15791	5.35453	-10.56079	-0.00122	0.10568	0.01335	0.01042	0.01198	0.00953
1956.96372	2.90395	1.73171	2.47159	1.79936	-7.35614	-4.01645	2.17075	-8.05427	-0.00178	0.10669	0.01332	0.01082	0.01196	0.00957
1956.99110	2.90476	1.72743	2.45175	1.78496	-5.83226	-6.10664	1.34199	-8.09380	-0.00085	0.10704	0.01296	0.01148	0.01180	0.00942
1968.02464	2.97643	2.17622	2.62260	2.10649	-5.88172	1.63483	-1.85815	10.34149	0.00042	0.09024	0.01362	0.01016	0.01215	0.01088
1968.05202	2.97812	2.17428	2.62200	2.09929	-4.63393	3.93830	2.39657	12.02849	0.00040	0.09055	0.01341	0.00996	0.01230	0.01104
1968.07940	2.99623	2.17510	2.62850	2.11335	-6.31872	4.40470	4.08166	7.22582	0.00059	0.08976	0.01289	0.01005	0.01213	0.01090
1968.10678	2.99773	2.15950	2.64735	2.12635	-6.85092	4.41734	3.98987	1.23234	0.00054	0.08910	0.01277	0.01012	0.01235	0.00974
1968.13415	2.97355	2.14771	2.66413	2.12835	-4.66282	3.76976	6.01866	-2.44292	0.00045	0.08927	0.01262	0.00966	0.01200	0.00966
1968.16153	2.98251	2.13800	2.66901	2.13038	-2.70676	2.78421	5.50050	-0.92476	-0.00036	0.08971	0.01258	0.00959	0.01176	0.01009
1968.18891	2.97817	2.12118	2.69218	2.15441	-1.62279	0.08567	5.69663	-2.02147	-0.00112	0.08959	0.01307	0.01001	0.01188	0.01010
1968.21629	2.97113	2.13462	2.70262	2.16208	-0.15670	-2.41232	8.49799	-4.66433	-0.00081	0.08965	0.01271	0.00964	0.01227	0.01002
1968.24367	3.00653	2.10296	2.70201	2.16362	-1.94984	-1.07364	5.21409	-2.05307	-0.00026	0.08926	0.01279	0.00962	0.01244	0.01003
1968.27105	3.00403	2.11057	2.70048	2.16649	0.27478	-6.22632	4.94432	-2.15399	-0.00019	0.08895	0.01280	0.00973	0.01263	0.01053
1968.29843	2.99030	2.12291	2.70656	2.18869	3.48736	-7.85052	8.67877	-4.04514	-0.00143	0.09030	0.01322	0.00974	0.01258	0.01036
1968.32580	2.97323	2.11041	2.71128	2.17386	7.51083	-8.32504	11.28361	-5.22683	-0.00108	0.09054	0.01312	0.00963	0.01270	0.01021
1968.35318	2.92940	2.10685	2.71154	2.14267	7.07454	-9.05528	15.41904	-8.41402	-0.00062	0.09159	0.01265	0.00967	0.01212	0.01005
1968.38056	2.91724	2.10171	2.73634	2.16452	5.85163	-10.08668	11.17737	-3.03581	-0.00149	0.09134	0.01212	0.00995	0.01197	0.00987
1968.40794	2.89734	2.06688	2.70817	2.10443	-1.37199	-9.09149	12.59310	-5.66653	-0.00039	0.09284	0.01202	0.00990	0.01175	0.00964
1968.43532	2.91653	2.06142	2.70767	2.09961	-2.73234	-10.03060	8.66102	-4.24900	-0.00110	0.09388	0.01203	0.01009	0.01241	0.00980
1968.46270	2.94966	2.04301	2.69580	2.07396	-9.06892	-10.13503	9.51695	-3.26545	-0.00045	0.09415	0.01227	0.01013	0.01236	0.01040
1968.49008	2.91027	2.00856	2.66761	2.03961	-11.74157	-8.58778	7.46378	-2.34360	0.00050	0.09715	0.01226	0.00928	0.01216	0.00970
1968.51745	2.91394	2.03285	2.63955	2.04125	-12.95726	-5.42456	7.32313	-2.79595	0.00022	0.09716	0.01156	0.00950	0.01240	0.01054
1968.54483	2.89576	2.03583	2.66291	2.05256	-15.95917	-6.87861	4.29063	-1.53010	-0.00011	0.09866	0.01171	0.00975	0.01273	0.01042
1968.57221	2.90844	2.04472	2.65288	2.04712	-17.26545	-6.16021	4.49920	-0.02919	-0.00002	0.09815	0.01232	0.00966	0.01284	0.00995
1968.59959	2.92421	2.04328	2.62273	2.04373	-15.75702	-8.04013	5.53521	2.92657	0.00005	0.09893	0.01252	0.00999	0.01243	0.01003
1968.62697	2.94970	2.02606	2.62052	2.05505	-12.58367	-14.26856	6.05909	2.04053	-0.00061	0.09976	0.01233	0.01013	0.01236	0.00999
1968.65435	2.94138	2.01402	2.63653	2.06421	-11.61356	-15.86748	5.95917	2.85413	-0.00135	0.10031	0.01246	0.00961	0.01219	0.00992
1968.68172	2.92260	2.01712	2.64140	2.06668	-11.09721	-14.32193	4.79384	7.05036	-0.00192	0.10044	0.01208	0.01006	0.01235	0.01014
1968.70910	2.95387	1.98757	2.61192	2.03227	-10.21238	-18.91754	2.60654	11.65760	-0.00103	0.10064	0.01225	0.01000	0.01236	0.01026
1968.73648	2.96544	1.95602	2.61775	2.00407	-11.77659	-23.43238	1.67155	18.29745	-0.00091	0.10142	0.01243	0.00938	0.01224	0.01082
1968.76386	2.98300	1.95837	2.60797	1.99563	-12.17616	-24.00552	3.20185	15.21790	-0.00087	0.10176	0.01269	0.00991	0.01173	0.01042
1968.79124	2.99756	1.96215	2.61930	2.00708	-13.23515	-17.67315	3.47111	14.78622	-0.00137	0.10143	0.01336	0.00985	0.01226	0.01031
1968.81862	3.01583	1.96658	2.59386	2.00045	-14.53983	-12.94984	4.07143	11.17396	-0.00127	0.10125	0.01294	0.01008	0.01257	0.01028
1968.84600	3.02229	1.96080	2.61280	1.97667	-10.51144	-13.05809	5.46940	11.00512	-0.00128	0.10083	0.01279	0.01022	0.01259	0.00967
1968.87337	3.01470	1.96371	2.61364	1.97588	-10.56932	-9.74839	3.41623	10.67937	-0.00146	0.10125	0.01292	0.01009	0.01250	0.01016
1968.90075	3.00148	1.95885	2.61368	1.96503	-9.86597	-6.63814	3.14326	9.85433	-0.00124	0.10127	0.01315	0.00972	0.01252	0.00994
1968.92813	2.99752	1.96332	2.59683	1.94254	-8.93068	-6.77348	2.88764	12.10724	-0.00069	0.10151	0.01327	0.01006	0.01255	0.01030
1968.95551	2.98997	1.93370	2.59250	1.92541	-8.71168	-9.77097	1.69984	15.88593	-0.00055	0.10188	0.01248	0.01012	0.01251	0.01031
1968.98289	3.00687	1.90896	2.56539	1.90088	-11.13142	-8.91523	4.53070	13.86998	-0.00013	0.10235	0.01238	0.01031	0.01255	0.01020
1969.01027	3.00119	1.88492	2.49977	1.83426	-13.27207	-5.61627	5.90269	12.44783	0.00223	0.10248	0.01233	0.00967	0.01250	0.00996
1969.03765	2.98792	1.85481	2.45634	1.78503	-13.11396	-5.30076	6.68118	12.47321	0.00400	0.10261	0.01221	0.00916	0.01240	0.00952
1969.06502	2.97346	1.84201	2.41396	1.74749	-14.03110	1.65239	1.69262	14.79514	0.00489	0.10388	0.01204	0.00938	0.01200	0.00960
1969.09240	2.96011	1.81062	2.35615	1.71135	-11.03521	1.55738	5.61236	12.45185	0.00661	0.10476	0.01206	0.00872	0.01207	0.00960
1969.11978	2.94114	1.80208	2.34007	1.70146	-8.28291	6.38774	3.97562	8.06732	0.00661	0.10589	0.01225	0.00875	0.01235	0.00985
1969.14716	2.93819	1.79133	2.31120	1.70195	-7.54374	6.94974	2.80467	4.12821	0.00730	0.10673	0.01204	0.00839	0.01257	0.01044
1969.17454	2.93159	1.79257	2.33387	1.70987	-7.47000	7.18951	2.07173	6.96569	0.00672	0.10702	0.01222	0.00873	0.01245	0.00986
1969.20192	2.93151	1.77292	2.39723	1.74369	-5.02588	2.94723	3.93780	8.98826	0.00343	0.10700	0.01227	0.00835	0.01205	0.01000
1969.22930	2.92995	1.76896	2.43564	1.76402	-4.31411	2.34370	0.47562	13.23505	0.00208	0.10624	0.01176	0.00907	0.01265	0.00985
1969.25667	2.93638	1.75368	2.46533	1.79182	-5.05417	0.56280	1.46579	11.89567	0.00047	0.10645	0.01176	0.00831	0.01245	0.00999
1969.28405	2.94110	1.77729	2.47011	1.79595	-0.69362	-1.75672	-3.87540	19.10484	-0.00017	0.10576	0.01157	0.00828	0.01229	0.00971
1969.31143	2.94770	1.78969	2.48422	1.79930	1.55437	-5.64747	-3.20355	18.82133	-0.00031	0.10580	0.01177	0.00866	0.01189	0.00974
1969.33881	2.95916	1.82010	2.44296	1.80321	7.30016	-11.37450	1.51936	12.80126	0.00057	0.10631	0.01169	0.00909	0.01169	0.01002
1969.36619	2.98089	1.80359	2.46873	1.83338	5.70064	-9.76886	0.89657	13.80688	-0.00041	0.10540	0.01129	0.00893	0.01210	0.00972
1969.39357	3.00383	1.80720	2.47223	1.84532	8.40189	-10.01013	1.25933	12.91994	-0.00049	0.10466	0.01196	0.00967	0.01242	0.00985
1969.42094	2.98878	1.82700	2.49263	1.88110	5.76144	-4.31069	1.64888	15.17777	-0.00126	0.10524	0.01232	0.00930	0.01267	0.00995
1969.44832	2.95537	1.80962	2.49423	1.86601	1.44533	-1.01605	-0.62440	15.90118	-0.00235	0.10613	0.01239	0.00942	0.01244	0.01025
1969.47570	3.06401	1.83545	2.53576	1.89770	-0.40449	3.79073	-9.23927	21.30387	-0.00328	0.10359	0.01296	0.00974	0.01206	0.00877
1969.50308	3.10177	1.81884	2.51347	1.89533	-1.03080	9.03371	-7.58678	20.18008	-0.00297	0.10311	0.01276	0.00909	0.01235	0.00905
1969.53046	3.10175	1.80360	2.51373	1.88599	-2.26174	16.21278	-7.05197	17.01144	-0.00267	0.10262	0.01331	0.00870	0.01216	0.00920
1969.55784	3.11277	1.70854	2.45019	1.81973	-0.20576	13.33327	-10.96087	16.64005	-0.00024	0.10563	0.01372	0.00887	0.01265	0.00988
1969.58522	3.08107	1.67783	2.43047	1.81222	-1.51435	12.72793	-11.91071	10.91844	0.00058	0.10791	0.01378	0.00946	0.01260	0.00982
1969.61259	3.03931	1.69954	2.48543	1.84759	-4.53561	10.87590	-10.24448	8.78110	0.00035	0.10802	0.01379	0.00905	0.01202	0.01033
1969.63997	3.03702	1.69211	2.52414	1.86039	0.68399	4.94502	-5.34932	1.64918	-0.00127	0.11075	0.01364	0.00980	0.01224	0.01033
1969.66735	3.04638	1.69540	2.53355	1.89187	2.32354	2.31481	-6.70566	0.60614	-0.00267	0.11031	0.01330	0.00996	0.01259	0.01016
1969.69473	3.06169	1.65526	2.54654	1.91701	1.15881	4.15439	-4.65028	-2.22121	-0.00566	0.11183	0.01373	0.00857	0.01240	0.01024
1969.72211	3.02518	1.61528	2.51183	1.87875	-0.91683	6.37420	3.43660	-8.60584	-0.00519	0.11278	0.01341	0.00934	0.01187	0.01022
1969.74949	2.98928	1.61287	2.50446	1.89483	-2.12711	7.38162	6.28692	-10.58537	-0.00477	0.11296	0.01315	0.00928	0.01198	0.00941
1969.77687	2.93249	1.66749	2.48607	1.85382	-7.85644	12.65179	5.31832	-9.85584	-0.00259	0.11378	0.01289	0.00941	0.01174	0.00916
1969.80424	2.91551	1.69166	2.51082	1.85178	-8.69884	7.73596	5.01244	-9.63353	-0.00284	0.11372	0.01300	0.01010	0.01187	0.00915
1969.83162	2.91593	1.68412	2.49121	1.83597	-9.25652	7.62189	3.49408	-9.73375	-0.00194	0.11386	0.01327	0.00949	0.01168	0.00952
1969.85900	2.88969	1.66792	2.50444	1.85645	-12.12008	10.58547	8.15239	-12.57574	-0.00155	0.11413	0.01353	0.00890	0.01172	0.00952
1969.88638	2.87963	1.67982	2.51195	1.85982	-11.72823	7.09942	7.97051	-11.58517	-0.00168	0.11408	0.01321	0.00955	0.01178	0.01017
1969.91376	2.90497	1.67624	2.48636	1.83973	-10.68610	7.16523	6.72803	-9.00742	-0.00062	0.11458	0.01327	0.00955	0.01114	0.00983
1969.94114	2.91456	1.68764	2.48730	1.86557	-10.59119	6.89466	6.80357	-10.41112	-0.00169	0.11478	0.01315	0.00932	0.01113	0.00942
1969.96851	2.90448	1.70293	2.51154	1.90658	-9.01695	4.75020	6.50110	-11.70616	-0.00288	0.11498	0.01325	0.00952	0.01123	0.01004
1969.99589	2.90802	1.71171	2.53474	1.92603	-7.01665	5.26996	5.09641	-10.19693	-0.00390	0.11507	0.01327	0.00999	0.01159	0.01018
1976.01916	3.07772	2.11760	2.61487	2.04936	1.61948	-5.29264	4.16643	9.43409	0.00046	0.09230	0.01363	0.01056	0.01301	0.01124
1976.04654	3.07571	2.12897	2.60796	2.05032	3.08116	-3.68579	8.59741	6.97823	0.00082	0.09260	0.01400	0.01032	0.01310	0.01036
1976.07392	3.05679	2.13337	2.60358	2.04560	11.67556	-11.38724	13.24448	2.15449	0.00093	0.09348	0.01420	0.01021	0.01313	0.01045
1976.10130	3.01638	2.15855	2.61232	2.05882	12.73676	-12.81992	8.31230	4.80528	0.00113	0.09283	0.01405	0.00999	0.01280	0.01057
1976.12868	3.01005	2.16530	2.63144	2.06356	13.39135	-12.74669	9.24017	3.22723	0.00086	0.09293	0.01360	0.01004	0.01359	0.01051
1976.15606	3.01068	2.12200	2.65639	2.05449	4.55829	-10.27819	9.86256	4.79605	0.00082	0.09250	0.01330	0.01002	0.01340	0.01048
1976.18344	2.98665	2.10256	2.64593	2.01948	-1.94713	-4.66433	5.80187	8.53080	0.00096	0.09257	0.01348	0.01040	0.01358	0.01003
1976.21081	2.99115	2.09503	2.62093	1.98268	-0.05588	-5.83457	7.27177	6.52016	0.00187	0.09292	0.01342	0.01042	0.01360	0.01062
1976.23819	2.99842	2.09001	2.60547	1.98401	-3.63433	-3.62771	7.11547	5.88323	0.00165	0.09232	0.01319	0.01020	0.01379	0.01059
1976.26557	2.98210	2.08020	2.60692	1.99182	-2.12189	-6.18620	10.19884	5.52468	0.00074	0.09315	0.01306	0.01042	0.01392	0.01035
1976.29295	2.96487	2.08614	2.64423	2.03694	-1.40018	-4.38042	3.76485	12.06842	-0.00059	0.09353	0.01291	0.00990	0.01396	0.01036
1976.32033	2.96072	2.07729	2.63102	2.03927	-3.57835	-3.53441	3.81451	12.85654	-0.00083	0.09397	0.01351	0.01033	0.01318	0.00997
1976.34771	2.97976	2.08750	2.61040	2.05541	-6.04916	-1.14787	4.89055	9.20837	-0.00155	0.09442	0.01376	0.01086	0.01240	0.01045
1976.37509	2.99510	2.07603	2.61376	2.08193	-6.76415	-0.66814	1.34500	9.97161	-0.00226	0.09387	0.01353	0.01109	0.01247	0.01045
1976.40246	2.99305	2.06273	2.61335	2.08443	-7.16904	-0.59882	0.36126	7.99809	-0.00261	0.09403	0.01374	0.01066	0.01267	0.01040
1976.42984	2.98382	2.06847	2.61390	2.08612	-6.48937	-2.05427	3.24860	5.35945	-0.00266	0.09461	0.01392	0.01004	0.01259	0.01029
1976.45722	2.97931	2.06651	2.61799	2.08888	-3.95987	0.55538	3.23214	3.16272	-0.00308	0.09482	0.01324	0.01001	0.01202	0.01020
1976.48460	2.96886	2.04455	2.58162	2.04541	-3.28010	-0.61256	0.35514	4.07624	-0.00217	0.09622	0.01339	0.01003	0.01200	0.01041
1976.51198	3.01197	2.03186	2.59354	2.05192	-0.62279	-0.10805	2.91573	3.25963	-0.00250	0.09584	0.01314	0.00997	0.01253	0.00996
1976.53936	3.00495	1.98865	2.58857	2.04333	-6.51515	6.27448	7.85313	-4.34541	-0.00279	0.09741	0.01318	0.01067	0.01327	0.01098
1976.56674	3.01706	1.98056	2.60296	2.04199	-10.04003	10.93479	12.03672	-7.22863	-0.00311	0.09758	0.01309	0.01049	0.01312	0.01043
1976.59411	3.00803	1.95048	2.59500	2.00445	-14.31782	11.90670	10.38734	-12.83888	-0.00288	0.09845	0.01262	0.01028	0.01265	0.01065
1976.62149	2.98618	1.95851	2.59230	2.00059	-11.75371	5.15148	7.90901	-11.08618	-0.00279	0.09928	0.01233	0.01009	0.01324	0.00977
1976.64887	2.94880	1.92671	2.56612	1.95093	-19.52528	9.96679	8.90931	-13.98726	-0.00185	0.10007	0.01245	0.01057	0.01300	0.00886
1976.67625	2.96686	1.93180	2.57831	1.93580	-22.51284	13.19242	5.07945	-7.06019	-0.00236	0.09932	0.01255	0.00970	0.01314	0.00961
1976.70363	2.97274	1.92702	2.57123	1.94790	-18.26886	11.03672	5.00843	-7.09460	-0.00262	0.09912	0.01266	0.00952	0.01290	0.00978
1976.73101	2.96857	1.91480	2.54951	1.93009	-12.43810	0.98525	2.70596	-7.24860	-0.00183	0.09903	0.01281	0.01100	0.01245	0.01013
1976.75838	2.94061	1.91809	2.53583	1.88391	-15.58066	-3.12199	4.81160	-12.56400	-0.00090	0.10128	0.01252	0.01131	0.01224	0.00935
1976.78576	2.93127	1.92427	2.54226	1.91010	-15.84902	-2.07745	2.42807	-10.40128	-0.00093	0.10161	0.01228	0.01113	0.01227	0.00934
1976.81314	2.94439	1.93707	2.56287	1.93144	-13.48365	-4.24829	3.52578	-11.25391	-0.00135	0.10129	0.01224	0.01061	0.01228	0.00965
1976.84052	2.97788	1.97640	2.56747	1.96459	-16.60504	-3.41633	2.02468	-16.14627	-0.00101	0.09947	0.01189	0.01021	0.01228	0.00987
1976.86790	3.02243	2.01118	2.59963	2.01690	-13.87169	-8.86958	-4.15159	-17.15951	-0.00112	0.09808	0.01140	0.01023	0.01207	0.01065
1976.89528	3.02711	2.03680	2.59632	2.03938	-10.88884	-6.47542	-4.03672	-14.44051	-0.00100	0.09734	0.01182	0.01028	0.01198	0.01001
1976.92266	3.03347	2.03827	2.59898	2.04708	-11.82905	-6.76043	-5.66744	-11.00140	-0.00079	0.09720	0.01173	0.01027	0.01195	0.01028
1976.95003	3.01542	2.03727	2.59416	2.04581	-10.68319	-3.17717	-7.63904	-9.49187	-0.00003	0.09700	0.01220	0.00999	0.01167	0.00997
1976.97741	3.02330	2.03430	2.58261	2.03336	-10.16864	-2.81491	-11.00010	-5.64978	0.00010	0.09742	0.01197	0.01018	0.01186	0.01005
1977.00479	3.02474	2.02106	2.57704	2.02794	-9.71619	1.45636	-12.69843	-3.85764	0.00044	0.09784	0.01180	0.01079	0.01200	0.00984
1977.03217	3.04470	2.03243	2.55553	1.99876	-6.64597	-1.52859	-12.20516	-6.63935	0.00087	0.09804	0.01145	0.01106	0.01156	0.01076
1977.05955	3.04760	2.02857	2.57563	1.99281	-7.92466	-0.11216	-13.08648	-6.23776	0.00055	0.09858	0.01167	0.01092	0.01181	0.01013
1977.08693	3.04631	2.02541	2.58999	1.99497	-10.36888	-1.46609	-12.61326	-8.27638	0.00011	0.09853	0.01245	0.01109	0.01166	0.00994
1977.11431	3.06253	2.03190	2.60749	2.01314	-11.46750	2.50010	-15.40580	-5.26986	-0.00020	0.09722	0.01290	0.01034	0.01153	0.01053
1977.14168	3.06025	2.02067	2.61906	2.02419	-11.61607	-2.80478	-11.29605	-8.12691	-0.00059	0.09726	0.01273	0.01008	0.01206	0.01011
1977.16906	3.04256	2.01146	2.59033	2.00568	-9.07705	-2.01766	-9.66683	-12.30668	-0.00036	0.09828	0.01261	0.00970	0.01228	0.00972
1977.19644	3.05362	2.02177	2.58626	2.00406	-8.44322	-5.08006	-11.74478	-14.30387	-0.00073	0.09825	0.01284	0.00967	0.01225	0.01032
1977.22382	3.02195	2.03253	2.58629	2.00202	-7.83287	-5.86808	-11.69141	-11.82865	-0.00037	0.09845	0.01229	0.00947	0.01215	0.00996
1977.25120	2.98800	2.03248	2.58135	1.98161	-6.05287	-8.98034	-9.66031	-11.09952	-0.00012	0.09901	0.01308	0.01040	0.01223	0.01066
1977.27858	2.98995	2.03981	2.58704	1.98040	-4.33026	-13.03260	-10.73154	-10.87972	-0.00044	0.09923	0.01308	0.00977	0.01232	0.01073
1977.30595	2.96580	2.02197	2.60548	2.00459	-1.91814	-13.62661	-9.15941	-15.50171	-0.00147	0.10030	0.01273	0.01035	0.01262	0.01032
1977.33333	2.96350	2.02482	2.61963	2.01986	-3.14015	-13.54334	-9.05538	-14.82454	-0.00204	0.10044	0.01340	0.00991	0.01204	0.01045
1977.36071	2.94970	2.01767	2.62537	2.01594	-6.41613	-9.37791	-13.03602	-11.40680	-0.00209	0.10089	0.01372	0.01031	0.01231	0.01092
1977.38809	2.93463	1.99967	2.62998	2.01012	-6.21378	-11.08818	-15.79344	-7.51394	-0.00199	0.10145	0.01399	0.01048	0.01214	0.01063
1977.41547	2.92989	1.98738	2.62155	2.00581	-7.85363	-12.90259	-11.50431	-9.96288	-0.00190	0.10145	0.01436	0.01041	0.01200	0.01045
1977.44285	2.92711	1.97557	2.62979	2.00025	-2.82073	-14.21810	-9.57745	-14.86958	-0.00214	0.10148	0.01396	0.01081	0.01202	0.01090
1977.47023	2.89095	1.92691	2.62690	1.97277	-3.09059	-16.97763	-10.66302	-16.29003	-0.00184	0.10317	0.01325	0.01060	0.01228	0.01099
1977.49760	2.89291	1.89230	2.55559	1.96561	0.34139	-19.99839	-9.45676	-18.56621	-0.00218	0.10441	0.01400	0.01054	0.01218	0.00961
1977.52498	2.91936	1.89179	2.57928	1.98959	2.04966	-22.29444	-12.61948	-16.05267	-0.00270	0.10352	0.01439	0.00975	0.01281	0.01003
1977.55236	2.91105	1.84760	2.59137	1.97028	2.48074	-17.56912	-7.92195	-14.83577	-0.00350	0.10342	0.01415	0.01014	0.01299	0.01020
1977.57974	2.90326	1.85774	2.59655	1.97975	0.74719	-14.04254	-9.44372	-15.98074	-0.00448	0.10386	0.01399	0.00980	0.01297	0.01000
1977.60712	2.90086	1.89003	2.60864	1.99888	3.69352	-16.39356	-7.71960	-16.30357	-0.00546	0.10299	0.01433	0.01003	0.01260	0.01035
1977.63450	2.87992	1.87482	2.61681	2.01117	4.27669	-14.16713	-12.51846	-13.60443	-0.00541	0.10375	0.01437	0.00935	0.01274	0.01035
1977.66188	2.88402	1.87360	2.62301	1.99913	0.77378	-7.33357	-3.13694	-19.89777	-0.00496	0.10398	0.01445	0.00940	0.01311	0.01093
1977.68925	2.88336	1.85767	2.60430	1.98339	-0.54886	-5.84049	-5.39777	-14.72943	-0.00371	0.10446	0.01495	0.00920	0.01227	0.01115
1977.71663	2.86924	1.85725	2.59934	1.96435	-2.15108	-5.14476	-5.93389	-12.43740	-0.00317	0.10496	0.01481	0.00864	0.01259	0.01138
1977.74401	2.82998	1.85118	2.58904	1.90890	-2.58808	-6.28672	-1.26575	-12.92777	-0.00079	0.10544	0.01464	0.00925	0.01271	0.01110
1977.77139	2.82545	1.83261	2.58001	1.89638	-1.91423	-4.76063	3.12079	-14.46890	-0.00041	0.10558	0.01454	0.00969	0.01240	0.01104
1977.79877	2.81124	1.81595	2.56317	1.87897	-3.11286	-4.48696	3.69031	-11.07925	0.00052	0.10604	0.01479	0.00914	0.01248	0.01094
1977.82615	2.81952	1.81722	2.57366	1.87835	-2.56069	-6.26836	4.22482	-13.71007	0.00045	0.10538	0.01494	0.00901	0.01269	0.01020
1977.85352	2.82790	1.82142	2.59700	1.88588	-1.18359	-6.69793	2.84791	-12.60704	-0.00040	0.10499	0.01478	0.00830	0.01252	0.01060
1977.88090	2.85185	1.83249	2.57133	1.88245	-0.04324	-8.13002	5.40028	-13.95355	0.00040	0.10567	0.01449	0.00926	0.01223	0.01055
1977.90828	2.81987	1.83644	2.59248	1.91355	4.33186	-11.24368	10.24920	-19.22392	-0.00067	0.10623	0.01420	0.00842	0.01249	0.01086
1977.93566	2.81109	1.84972	2.59469	1.94520	2.05718	-9.82534	11.71398	-19.49238	-0.00110	0.10620	0.01369	0.00898	0.01313	0.01080
1977.96304	2.80383	1.86136	2.58536	1.96676	2.72933	-11.26575	11.01495	-16.69683	-0.00129	0.10610	0.01362	0.00918	0.01266	0.01085
1977.99042	2.79658	1.87210	2.58208	1.98640	5.93399	-11.79053	11.38102	-17.15058	-0.00136	0.10663	0.01386	0.00850	0.01261	0.01041
1978.01780	2.78772	1.86807	2.57846	2.00379	3.62911	-8.89215	9.12309	-15.19061	-0.00171	0.10696	0.01367	0.00881	0.01265	0.01034
1978.04517	2.80377	1.86895	2.56958	2.02080	5.69693	-7.58638	8.81260	-13.16463	-0.00131	0.10669	0.01350	0.00914	0.01291	0.01007
1978.07255	2.82914	1.88750	2.60907	2.07919	8.45074	-5.69201	11.19512	-13.61697	-0.00211	0.10623	0.01295	0.00993	0.01328	0.01039
1978.09993	2.83435	1.90338	2.58970	2.06305	8.60152	-5.06411	9.24378	-11.75441	-0.00275	0.10656	0.01332	0.00955	0.01336	0.01010
1978.12731	2.85389	1.90169	2.60090	2.05515	9.67185	-5.60112	13.25171	-15.33818	-0.00308	0.10659	0.01292	0.01002	0.01338	0.00994
1978.15469	2.85675	1.90999	2.59437	2.05282	11.15921	-4.98846	12.37761	-15.59400	-0.00248	0.10617	0.01351	0.01025	0.01363	0.01028
1978.18207	2.84895	1.95497	2.58137	2.01501	10.15088	-0.66483	3.44633	-10.84731	-0.00099	0.10479	0.01373	0.01028	0.01329	0.01038
1978.20945	2.85510	1.96410	2.60143	2.02564	12.35855	-1.11738	4.40470	-11.48796	-0.00128	0.10460	0.01334	0.01020	0.01324	0.01065
1978.23682	2.83450	1.96455	2.57670	2.03419	13.11136	-0.52478	5.05889	-11.79986	-0.00134	0.10566	0.01317	0.01008	0.01357	0.00997
1978.26420	2.83765	1.96652	2.57109	2.02679	15.02699	-0.91322	5.03210	-10.86778	-0.00062	0.10459	0.01349	0.00963	0.01330	0.00978
1978.29158	2.84874	1.99238	2.58447	2.01888	14.40931	0.36898	0.79274	-5.84059	-0.00036	0.10364	0.01340	0.00981	0.01398	0.01058
1978.31896	2.84003	1.99176	2.59564	2.00495	10.87741	-1.31792	-5.12089	1.03913	-0.00021	0.10288	0.01352	0.00965	0.01318	0.01040
1978.34634	2.85536	1.99940	2.60102	2.00289	6.82735	-0.25572	-9.43178	2.48214	-0.00046	0.10241	0.01360	0.00963	0.01294	0.01047
1978.37372	2.86693	2.00137	2.57905	1.98856	8.87650	-3.65901	-6.50100	-0.13985	-0.00037	0.10245	0.01357	0.00928	0.01279	0.00999
1978.40110	2.87241	2.01386	2.55176	1.98089	9.81120	-5.16513	-8.22171	-2.08327	-0.00017	0.10262	0.01348	0.00943	0.01286	0.00963
1978.42847	2.85958	2.01734	2.60901	2.01932	10.08909	-4.04595	-3.91222	-1.92988	-0.00114	0.10249	0.01358	0.00958	0.01242	0.01006
1978.45585	2.85233	2.01570	2.59150	1.99981	6.81461	0.10273	2.69553	-4.02990	-0.00041	0.10250	0.01338	0.00956	0.01268	0.01044
1978.48323	2.84767	2.04186	2.58838	1.99762	0.17245	4.38132	-1.35714	1.97743	0.00033	0.10104	0.01279	0.00956	0.01257	0.01000
1978.51061	2.81481	2.05178	2.55922	1.99809	-1.71669	8.02689	0.78812	6.23465	0.00075	0.10215	0.01316	0.01041	0.01196	0.01029
1978.53799	2.81750	2.04295	2.57155	2.00440	-0.69984	8.24117	0.23345	4.85293	0.00049	0.10231	0.01260	0.00966	0.01227	0.01033
1978.56537	2.81181	2.02285	2.57526	1.98769	1.16744	7.49238	0.01224	3.33226	0.00034	0.10375	0.01275	0.00972	0.01269	0.01019
1978.59274	2.82360	1.94923	2.53548	1.94473	-5.72763	12.03150	-11.31360	9.67075	-0.00029	0.10659	0.01291	0.00929	0.01239	0.01011
1978.62012	2.81958	1.96116	2.53980	1.94381	-7.06681	12.75953	-13.68971	11.10443	0.00024	0.10704	0.01293	0.00949	0.01262	0.01003
1978.64750	2.80627	1.93464	2.52583	1.90947	-10.79103	8.80508	-17.67335	16.05397	0.00080	0.10970	0.01277	0.00868	0.01254	0.01027
1978.67488	2.80880	1.93782	2.52858	1.90607	-11.20716	9.47331	-17.16804	19.82634	0.00078	0.10933	0.01256	0.00932	0.01284	0.01013
1978.70226	2.81229	1.92449	2.51153	1.89178	-15.00391	12.53501	-22.35614	21.60183	0.00128	0.11066	0.01241	0.00933	0.01336	0.01059
1978.72964	2.83995	1.86093	2.48013	1.84693	-13.89476	14.39587	-22.96920	18.36096	-0.00019	0.11333	0.01275	0.00921	0.01345	0.01003
1978.75702	2.85286	1.87346	2.45757	1.84190	-13.57283	13.62841	-20.97331	16.02026	0.00062	0.11362	0.01269	0.00869	0.01357	0.00997
1978.78439	2.82745	1.87468	2.46781	1.84537	-14.14617	13.73836	-18.89988	17.06290	0.00067	0.11426	0.01227	0.00839	0.01326	0.00986
1978.81177	2.83104	1.88542	2.47227	1.85326	-13.83878	13.16463	-19.26364	16.22562	-0.00015	0.11414	0.01250	0.00885	0.01354	0.01007
1978.83915	2.82954	1.87575	2.46040	1.83624	-11.80407	13.42807	-19.91673	16.45255	0.00041	0.11404	0.01282	0.00887	0.01314	0.01028
1978.86653	2.84764	1.89473	2.46233	1.83807	-9.78431	13.04404	-16.88543	12.61376	0.00020	0.11356	0.01290	0.00917	0.01282	0.01089
1978.89391	2.86437	1.89371	2.45472	1.83058	-10.77378	14.97341	-19.05809	13.65740	0.00009	0.11297	0.01283	0.00863	0.01289	0.01098
1978.92129	2.87031	1.88390	2.43525	1.82416	-10.42667	17.52077	-18.86748	13.68810	0.00072	0.11277	0.01264	0.00887	0.01335	0.01100
1978.94867	2.85942	1.87815	2.42341	1.83671	-11.98987	16.70947	-14.71208	12.53321	0.00114	0.11272	0.01249	0.00900	0.01300	0.01071
1978.97604	2.85971	1.87575	2.42346	1.82980	-12.00431	14.48796	-13.08146	12.39236	0.00074	0.11301	0.01252	0.00959	0.01297	0.01019
1979.00342	2.84852	1.86963	2.42606	1.83420	-8.43700	13.45526	-17.53632	14.29444	0.00021	0.11340	0.01233	0.00949	0.01301	0.01029
1979.03080	2.83911	1.87028	2.42653	1.83815	-7.38463	11.91914	-16.25231	12.29966	0.00037	0.11377	0.01206	0.00926	0.01291	0.01048
1979.05818	2.82951	1.89262	2.41468	1.82278	-8.31852	13.23736	-17.29474	12.81110	0.00111	0.11359	0.01202	0.00919	0.01273	0.01035
1979.08556	2.83031	1.87477	2.46217	1.83246	-5.88965	7.95486	-21.88182	16.25793	0.00117	0.11302	0.01188	0.00912	0.01284	0.01088
1979.11294	2.82939	1.88261	2.46419	1.84607	-3.97512	3.99619	-17.48295	14.57965	0.00121	0.11321	0.01199	0.00956	0.01285	0.01094
1979.14031	2.79108	1.90113	2.48459	1.88034	-8.39115	6.93991	-23.57574	18.17526	0.00006	0.11422	0.01182	0.00943	0.01314	0.01069
1979.16769	2.80018	1.91163	2.50393	1.87187	-10.74187	8.35122	-28.44051	21.17957	-0.00009	0.11286	0.01194	0.00951	0.01353	0.01051
1979.19507	2.81478	1.90138	2.52218	1.88228	-10.05136	7.23455	-28.84681	22.90078	-0.00019	0.11191	0.01252	0.00953	0.01342	0.01044
1979.22245	2.82105	1.88306	2.54054	1.87553	-12.72883	7.77077	-32.81100	22.68690	0.00008	0.11078	0.01229	0.00979	0.01341	0.01061
1979.24983	2.83144	1.87528	2.54957	1.86896	-14.06029	5.23044	-30.50823	20.59641	0.00022	0.11025	0.01246	0.00891	0.01339	0.01053
1979.27721	2.84244	1.87262	2.56144	1.85201	-17.57143	6.39547	-30.32093	21.77117	0.00006	0.10947	0.01253	0.00912	0.01348	0.01033
1979.30459	2.85134	1.86283	2.57479	1.87153	-19.68981	9.35905	-29.74268	23.34079	-0.00010	0.10953	0.01264	0.00993	0.01385	0.01033
1979.33196	2.85449	1.87001	2.55717	1.87148	-20.81671	8.21188	-31.13834	23.93339	0.00003	0.10989	0.01292	0.00978	0.01353	0.01020
1979.35934	2.84515	1.88678	2.54176	1.87413	-19.55457	9.53481	-33.36457	23.43860	0.00010	0.11051	0.01277	0.00937	0.01319	0.01062
1979.38672	2.83992	1.90384	2.53946	1.88053	-18.74900	3.58557	-31.72552	20.01736	-0.00004	0.11018	0.01273	0.00976	0.01343	0.01073
1979.41410	2.84760	1.90926	2.54218	1.88019	-18.10323	7.97753	-30.02749	17.13533	0.00012	0.10907	0.01282	0.00998	0.01296	0.01107
1979.44148	2.84615	1.90573	2.54736	1.88599	-17.98907	6.65189	-30.79424	16.20736	0.00003	0.10891	0.01320	0.00992	0.01279	0.01031
1979.46886	2.85830	1.90279	2.52998	1.90274	-19.29585	3.60052	-32.47663	14.53060	0.00057	0.10917	0.01320	0.01010	0.01268	0.01065
1979.49624	2.88432	1.97268	2.54143	1.94263	-19.86888	-0.60945	-33.99860	12.87018	0.00167	0.10642	0.01327	0.01046	0.01250	0.00999
1979.52361	2.90270	1.96735	2.53594	1.94151	-21.39396	3.22813	-34.07695	13.52378	0.00287	0.10633	0.01315	0.01028	0.01248	0.00948
1979.55099	2.88616	1.98713	2.53415	1.95046	-19.91794	-1.87119	-32.90058	13.03120	0.00235	0.10617	0.01270	0.01063	0.01255	0.00881
1979.57837	2.90552	2.01822	2.57384	1.97170	-17.31049	-5.88463	-29.27358	12.67907	0.00167	0.10223	0.01304	0.01038	0.01217	0.00957
1979.60575	2.92674	2.03562	2.57693	1.99424	-20.94262	-1.21489	-32.33959	17.94151	0.00074	0.10073	0.01329	0.00986	0.01260	0.00966
1979.63313	2.90902	2.07520	2.61894	2.06490	-16.98575	0.25662	-31.28260	12.81210	0.00056	0.09715	0.01310	0.01036	0.01273	0.01000
1979.66051	2.89869	2.06760	2.65669	2.08577	-16.03541	-2.89717	-33.53993	13.96709	0.00035	0.09656	0.01316	0.01032	0.01300	0.00979
1979.68789	2.89908	2.07273	2.66996	2.10539	-17.18730	1.62570	-36.99930	19.77749	-0.00006	0.09570	0.01324	0.00937	0.01266	0.00954
1979.71526	2.93142	2.13837	2.66809	2.11003	-17.81591	1.36176	-31.72020	13.46409	-0.00010	0.09269	0.01327	0.01002	0.01259	0.00996
1979.74264	2.91995	2.15398	2.65414	2.10878	-19.59470	3.64817	-22.28230	8.89215	-0.00043	0.09242	0.01365	0.00997	0.01293	0.01032
1979.77002	2.92160	2.15125	2.66365	2.10655	-12.30698	-4.81220	-18.30548	5.31330	-0.00061	0.09175	0.01337	0.01085	0.01289	0.01029
1979.79740	2.91271	2.12864	2.65258	2.11075	-8.58427	-6.83186	-20.37530	7.64968	-0.00067	0.09216	0.01373	0.01044	0.01258	0.01033
1979.82478	2.92277	2.14091	2.66153	2.13083	-10.45626	-0.69322	-16.60173	-0.11467	-0.00118	0.09256	0.01357	0.01005	0.01217	0.01049
1979.85216	2.92700	2.12366	2.68761	2.12802	-4.66282	-1.66081	-17.92998	2.05287	-0.00128	0.09293	0.01348	0.00958	0.01231	0.01034
1979.87953	2.91353	2.09930	2.68528	2.11498	-4.22181	-0.34942	-21.86988	5.74850	-0.00109	0.09382	0.01386	0.01008	0.01219	0.00997
1979.90691	2.90317	2.11612	2.68405	2.10620	-2.50592	-1.46800	-19.57233	5.06742	-0.00108	0.09370	0.01378	0.01023	0.01227	0.01018
1979.93429	2.89548	2.08389	2.67856	2.10760	-6.61758	-2.81601	-18.66573	1.11607	-0.00146	0.09291	0.01367	0.00963	0.01294	0.01067
1979.96167	2.89724	2.07288	2.65890	2.10755	-4.85403	-3.07665	-20.36958	7.11196	-0.00121	0.09303	0.01371	0.01008	0.01313	0.01025
1979.98905	2.89393	2.05854	2.66954	2.12559	-9.20195	-1.40439	-16.93218	5.22231	-0.00118	0.09389	0.01359	0.01050	0.01307	0.01029
1986.01232	2.92445	1.83121	2.50958	1.89939	2.85343	-8.07805	3.60373	-3.52769	-0.00233	0.10909	0.01370	0.00884	0.01168	0.00934
1986.03970	2.92550	1.82200	2.51050	1.89210	6.25090	-7.48014	1.72984	-2.74609	-0.00252	0.10922	0.01324	0.01057	0.01173	0.00930
1986.06708	2.94559	1.80098	2.49144	1.88076	3.49789	-3.41563	2.15921	-2.43078	-0.00159	0.10932	0.01312	0.01041	0.01142	0.00934
1986.09446	2.95686	1.81028	2.47821	1.86792	1.42366	-2.52709	4.33307	-2.05327	-0.00125	0.10919	0.01328	0.00993	0.01125	0.00926
1986.12183	2.96874	1.82336	2.45899	1.86178	0.77488	-5.43850	6.52327	-2.73957	-0.00069	0.10935	0.01359	0.01059	0.01158	0.00909
1986.14921	2.96816	1.80677	2.47496	1.86973	-2.74599	-3.68991	5.34781	-4.00622	-0.00087	0.10957	0.01342	0.01017	0.01172	0.00933
1986.17659	2.95547	1.80092	2.47143	1.87074	-2.81852	-0.46990	6.29575	-2.80367	-0.00091	0.10986	0.01281	0.00998	0.01201	0.00926
1986.20397	2.93934	1.80775	2.46451	1.85325	-4.93138	0.43850	6.28301	-0.43499	-0.00062	0.11026	0.01317	0.00979	0.01200	0.00940
1986.23135	2.96564	1.82646	2.47889	1.83393	-7.35433	-1.50592	5.77980	-3.00712	-0.00046	0.10942	0.01360	0.00938	0.01224	0.00933
1986.25873	2.98708	1.83217	2.47128	1.84031	-7.77177	-1.88002	8.06310	-2.57133	-0.00039	0.10940	0.01367	0.00925	0.01212	0.00973
1986.28611	2.98146	1.80556	2.44793	1.83506	-11.17386	1.50843	9.62831	-4.18469	0.00018	0.11022	0.01343	0.00875	0.01213	0.00953
1986.31348	2.93718	1.80738	2.46427	1.81720	-8.29213	-3.11336	7.57374	-3.15650	0.00043	0.11058	0.01367	0.00824	0.01218	0.00956
1986.34086	2.93894	1.81288	2.45374	1.82110	-6.80919	-5.20385	7.75903	-7.89356	0.00085	0.11101	0.01351	0.00894	0.01251	0.00953
1986.36824	2.93114	1.82848	2.45211	1.79800	-8.33638	-2.91874	6.91041	-9.94733	0.00171	0.11094	0.01333	0.00947	0.01240	0.00917
1986.39562	2.92277	1.86285	2.47999	1.80631	-10.91372	-7.60694	7.85855	-10.13784	0.00135	0.11049	0.01355	0.01074	0.01257	0.00947
1986.42300	2.92172	1.88841	2.50540	1.84812	-12.61838	-5.12179	7.22372	-9.60002	0.00178	0.10878	0.01328	0.00997	0.01311	0.00914
1986.45038	2.94267	1.93282	2.51375	1.85323	-12.28602	-6.67436	4.62139	-9.97321	0.00310	0.10604	0.01351	0.00935	0.01260	0.00944
1986.47775	2.93577	1.92401	2.49323	1.83084	-8.54404	-7.86286	1.19994	-8.30558	0.00396	0.10625	0.01332	0.00989	0.01258	0.00896
1986.50513	2.95874	1.93416	2.50277	1.85148	-6.91433	-8.58527	-3.30899	-6.09821	0.00340	0.10522	0.01378	0.01025	0.01199	0.00935
1986.53251	3.01507	1.91334	2.55187	1.90622	-15.26635	4.03702	-6.82043	1.11106	0.00071	0.10172	0.01386	0.01025	0.01160	0.01015
1986.55989	2.99769	1.87934	2.57928	1.92355	-19.42646	6.94061	-10.21348	2.88874	0.00002	0.10181	0.01326	0.01070	0.01119	0.00978
1986.58727	2.99666	1.90672	2.57789	1.93202	-18.90279	6.23565	-11.56621	6.49508	0.00019	0.10111	0.01382	0.01091	0.01153	0.01034
1986.61465	2.99463	1.92876	2.57068	1.93736	-21.03451	11.32845	-9.60835	10.16513	0.00129	0.09897	0.01344	0.01091	0.01174	0.01077
1986.64203	2.97025	1.93917	2.56581	1.93459	-16.53561	9.87550	-8.03220	12.37129	0.00183	0.09764	0.01383	0.01119	0.01161	0.01051
1986.66940	2.97634	1.93793	2.61171	1.94704	-16.64787	5.60283	-5.23054	9.67035	0.00145	0.09715	0.01362	0.01074	0.01125	0.01093
1986.69678	2.95233	1.93419	2.61842	1.92623	-18.78902	8.17536	-0.94763	5.92366	0.00145	0.09723	0.01332	0.01000	0.01172	0.01047
1986.72416	2.97804	1.94920	2.61489	1.91683	-17.15500	16.30377	2.63032	2.86838	0.00003	0.09626	0.01295	0.01016	0.01235	0.00976
1986.75154	2.98919	1.92476	2.63106	1.90507	-16.00973	21.97452	6.46188	-4.63283	-0.00159	0.09856	0.01314	0.00983	0.01170	0.01077
1986.77892	2.97846	1.91982	2.61762	1.90679	-20.54916	17.78872	6.18790	-6.80447	-0.00112	0.09955	0.01308	0.00985	0.01162	0.01090
1986.80630	2.96766	1.92176	2.59607	1.90851	-22.89807	18.05217	4.03240	-5.70807	-0.00126	0.09968	0.01319	0.01081	0.01155	0.01082
1986.83368	2.93054	1.93741	2.55485	1.92339	-25.31531	22.00181	-0.20465	-2.49348	-0.00059	0.10011	0.01291	0.01058	0.01167	0.00980
1986.86105	2.95122	1.94607	2.57702	1.94563	-22.28070	20.53150	-2.16934	-0.09290	-0.00108	0.09951	0.01274	0.01056	0.01192	0.01019
1986.88843	2.95747	1.96110	2.59461	1.95478	-21.87430	19.60072	-1.37259	-1.52578	-0.00160	0.09905	0.01275	0.01000	0.01193	0.01042
1986.91581	2.96292	1.95523	2.60944	1.96954	-21.55548	17.11677	0.02247	2.76906	-0.00203	0.09944	0.01236	0.00946	0.01188	0.01031
1986.94319	2.94151	1.98219	2.61625	1.98905	-18.86728	18.90349	0.96679	4.15921	-0.00202	0.09934	0.01248	0.00987	0.01199	0.00989
1986.97057	2.89707	2.01142	2.62178	2.00290	-15.30819	13.37249	-0.39787	7.20104	-0.00205	0.10111	0.01277	0.01009	0.01151	0.01057
1986.99795	2.90041	1.99764	2.59895	1.99546	-15.87309	15.02588	-3.87851	5.62941	-0.00154	0.10140	0.01276	0.01069	0.01185	0.01074
1987.02533	2.89512	1.97259	2.60836	2.01459	-16.11758	18.88453	-7.58156	6.46308	-0.00165	0.10111	0.01271	0.01111	0.01208	0.01024
1987.05270	2.89933	1.96820	2.61309	2.02124	-15.08367	18.47522	-4.77317	1.33959	-0.00167	0.10080	0.01253	0.01102	0.01252	0.01042
1987.08008	2.92767	1.98595	2.61320	2.02789	-9.59691	16.49940	-0.23295	-0.18780	-0.00104	0.10025	0.01270	0.01018	0.01248	0.00977
1987.10746	2.91436	2.01022	2.60605	2.02906	-6.35774	14.40239	-1.59872	0.65088	-0.00120	0.10058	0.01296	0.00996	0.01229	0.00900
1987.13484	2.91735	2.00350	2.60142	2.03295	-3.45486	13.17486	-0.79033	-0.94211	-0.00127	0.10078	0.01315	0.01028	0.01209	0.00961
1987.16222	2.92397	1.99162	2.59777	2.02402	-6.28210	15.31822	-0.80086	-5.45084	-0.00214	0.10261	0.01302	0.01073	0.01174	0.00974
1987.18960	2.90999	1.97968	2.57910	2.00225	-5.55548	15.23686	-0.57624	-5.73796	-0.00164	0.10349	0.01344	0.01107	0.01177	0.00995
1987.21697	2.91377	1.97685	2.59766	2.01801	-4.08136	13.95465	-0.34039	-6.45365	-0.00216	0.10333	0.01336	0.01110	0.01191	0.01000
1987.24435	2.91463	1.96356	2.60224	2.00998	1.18379	12.48886	4.56962	-8.21780	-0.00299	0.10347	0.01328	0.01067	0.01191	0.01000
1987.27173	2.91496	1.96574	2.61213	2.02889	-0.14848	12.66372	4.44843	-6.02548	-0.00282	0.10294	0.01332	0.01066	0.01174	0.01038
1987.29911	2.92530	1.98126	2.57401	2.01696	3.23656	6.82885	7.15148	-5.76053	-0.00200	0.10315	0.01301	0.01085	0.01196	0.01059
1987.32649	2.92055	1.96800	2.56137	2.00839	6.97693	7.52929	8.94944	-6.01104	-0.00179	0.10419	0.01297	0.01039	0.01180	0.00999
1987.35387	2.91608	1.95925	2.53283	2.01444	6.02759	8.12219	16.85985	-5.28953	-0.00137	0.10468	0.01291	0.00980	0.01246	0.01003
1987.38125	2.93384	1.94681	2.50765	1.98387	6.18228	11.27498	19.39647	-4.28822	-0.00121	0.10466	0.01322	0.00980	0.01286	0.00990
1987.40862	2.92475	1.92901	2.50110	1.99583	6.34310	14.92155	20.94894	-4.57755	-0.00118	0.10510	0.01266	0.01006	0.01290	0.01010
1987.43600	2.92259	1.92106	2.48683	1.98265	6.92546	12.15299	19.80859	-3.42847	-0.00104	0.10578	0.01268	0.01022	0.01280	0.01012
1987.46338	2.92007	1.92214	2.48759	1.98662	5.25492	14.24268	21.54414	-2.90550	-0.00113	0.10575	0.01252	0.01040	0.01279	0.01016
1987.49076	2.91306	1.92494	2.49113	1.99672	4.99589	8.91643	21.25472	-2.75221	-0.00107	0.10548	0.01248	0.01083	0.01268	0.01001
1987.51814	2.91105	1.94471	2.49126	1.99453	3.21228	8.08527	21.38463	-0.88593	-0.00080	0.10478	0.01272	0.01092	0.01286	0.01021
1987.54552	2.88476	1.95458	2.49310	1.99376	3.38272	11.72402	23.19021	-4.07253	-0.00075	0.10484	0.01312	0.01063	0.01274	0.01053
1987.57290	2.87476	1.95068	2.51440	2.01126	4.22291	14.20566	26.32173	-5.02077	-0.00147	0.10491	0.01261	0.01058	0.01329	0.01052
1987.60027	2.85410	1.98256	2.52405	2.01152	3.33006	15.46479	24.46449	-3.05237	-0.00096	0.10488	0.01255	0.01035	0.01283	0.01054
1987.62765	2.85424	1.95803	2.49978	1.99150	-0.65299	18.06310	22.08256	-1.21228	-0.00038	0.10446	0.01275	0.01033	0.01304	0.00985
1987.65503	2.84436	1.98727	2.48857	1.99966	2.96047	10.43359	19.89035	-4.07855	-0.00014	0.10447	0.01300	0.01029	0.01308	0.00953
1987.68241	2.85476	1.99934	2.46991	1.98330	-1.52799	9.23184	20.86075	-1.25020	0.00043	0.10451	0.01274	0.01063	0.01312	0.01051
1987.70979	2.87452	2.01288	2.48223	1.96510	0.74559	4.23134	20.51093	-2.26194	0.00087	0.10401	0.01263	0.01009	0.01305	0.01049
1987.73717	2.87397	2.01593	2.52756	1.96982	2.36517	0.55187	19.58909	2.37640	-0.00038	0.10344	0.01244	0.01020	0.01344	0.01078
1987.76454	2.87842	2.03109	2.54346	1.96177	1.09811	1.66162	14.57424	3.70606	-0.00043	0.10311	0.01254	0.01046	0.01315	0.01111
1987.79192	2.88091	2.03643	2.53147	1.96813	0.90179	0.84681	10.80397	2.56461	-0.00045	0.10354	0.01243	0.01082	0.01276	0.01078
1987.81930	2.86884	2.03674	2.53344	1.96547	3.46087	-0.34230	11.78933	4.52478	-0.00024	0.10399	0.01239	0.01065	0.01276	0.01081
1987.84668	2.82850	2.02668	2.51456	1.96076	7.58126	0.13012	15.08838	1.61316	-0.00002	0.10498	0.01218	0.01073	0.01285	0.01080
1987.87406	2.85204	2.04951	2.52170	1.98763	11.33437	1.93911	14.51726	-0.30377	-0.00068	0.10437	0.01241	0.01090	0.01298	0.01064
1987.90144	2.84361	2.05590	2.52552	2.00665	8.54163	2.67626	13.63323	-4.42095	-0.00061	0.10427	0.01227	0.01018	0.01286	0.01031
1987.92882	2.85116	2.04149	2.52053	2.00427	7.65078	2.00150	13.76073	-6.54535	-0.00063	0.10504	0.01168	0.01071	0.01253	0.00985
1987.95619	2.85900	2.03854	2.54261	2.03084	1.58999	3.05297	15.43198	-9.42837	-0.00028	0.10362	0.01184	0.01099	0.01259	0.00979
1987.98357	2.88754	2.04123	2.52752	2.03152	-3.16061	7.12841	20.53411	-13.26264	0.00002	0.10275	0.01192	0.01079	0.01242	0.00963
1988.01095	2.90968	2.05331	2.53008	2.03875	-1.30106	8.53020	19.63824	-11.18800	0.00013	0.10153	0.01216	0.01042	0.01238	0.01042
1988.03833	2.92250	2.04992	2.50807	2.01937	-6.54264	11.19242	18.74348	-8.23074	0.00042	0.10150	0.01238	0.01070	0.01241	0.01070
1988.06571	2.93434	2.05067	2.51667	2.00800	-5.46930	12.62049	22.26304	-10.49569	0.00035	0.10106	0.01259	0.01070	0.01237	0.01096
1988.09309	2.90439	2.03167	2.52314	1.99003	-2.46870	11.16874	25.78612	-14.38363	0.00011	0.10268	0.01243	0.01086	0.01218	0.01101
1988.12047	2.88963	2.03366	2.53984	1.99589	-2.73706	11.73736	20.71057	-10.50702	-0.00025	0.10226	0.01209	0.01163	0.01238	0.01073
1988.14784	2.87276	2.03352	2.54043	2.01541	-8.03481	5.03541	19.75883	-9.35183	-0.00037	0.10102	0.01229	0.01114	0.01236	0.01014
1988.17522	2.88243	2.03994	2.52606	2.02601	-7.95496	0.28742	22.71980	-13.23816	-0.00094	0.10069	0.01268	0.01109	0.01241	0.00980
1988.20260	2.88491	2.03998	2.51254	1.99535	-7.64657	0.94894	21.39938	-14.83317	0.00003	0.10063	0.01241	0.01059	0.01225	0.00982
1988.22998	2.89930	2.03647	2.53933	2.00515	-12.03732	0.86015	17.08939	-10.29464	-0.00078	0.09938	0.01249	0.01047	0.01199	0.00946
1988.25736	2.91957	2.04926	2.56835	2.02887	-7.74890	-4.98084	13.19222	-3.81732	-0.00174	0.09828	0.01215	0.01091	0.01184	0.01001
1988.28474	2.93124	2.06800	2.56426	2.01757	-3.07063	-2.59420	15.65941	-7.30217	-0.00040	0.09750	0.01219	0.01114	0.01201	0.01058
1988.31211	2.93386	2.07317	2.56343	2.01568	-4.37430	2.26876	14.59902	-6.24077	0.00004	0.09743	0.01227	0.01072	0.01213	0.01065
1988.33949	2.91297	2.05078	2.57523	1.99178	-7.14466	7.67897	4.92947	-0.76866	-0.00022	0.09844	0.01265	0.01109	0.01255	0.01043
1988.36687	2.87390	2.02492	2.59814	1.97366	-4.77097	5.99217	0.48545	5.58276	-0.00060	0.09825	0.01343	0.01037	0.01199	0.01041
1988.39425	2.86024	2.03603	2.60906	1.99054	-4.36657	7.28421	1.73465	1.66433	-0.00055	0.09816	0.01336	0.01067	0.01240	0.00950
1988.42163	2.83438	2.04068	2.59403	1.99283	-0.59831	8.22462	-0.26485	3.51164	-0.00027	0.09794	0.01370	0.01083	0.01263	0.01009
1988.44901	2.83065	2.01080	2.59582	1.98518	3.65008	6.87540	-3.93028	4.59872	-0.00001	0.09822	0.01332	0.01035	0.01319	0.01071
1988.47639	2.81734	1.99866	2.57600	1.95366	3.17556	7.25873	-1.16834	8.88844	0.00083	0.09830	0.01326	0.01051	0.01340	0.01062
1988.50376	2.81328	2.00706	2.58387	1.97429	3.59220	8.61316	-3.47091	8.30056	0.00034	0.09842	0.01361	0.01071	0.01302	0.01011
1988.53114	2.77096	1.97374	2.55989	1.96353	-2.16382	9.76605	-6.59230	4.11657	0.00013	0.10109	0.01424	0.01052	0.01216	0.01012
1988.55852	2.74740	1.96505	2.53479	1.95594	-2.60142	10.29414	-4.55066	4.74508	0.00089	0.10171	0.01434	0.00982	0.01214	0.00930
1988.58590	2.74116	1.97127	2.52035	1.94474	-1.47512	12.14496	-6.56581	8.51404	0.00152	0.10231	0.01438	0.00961	0.01174	0.00907
1988.61328	2.73508	1.98846	2.51538	1.94254	-0.18911	3.94543	-11.59199	10.54474	0.00160	0.10292	0.01401	0.00975	0.01205	0.00956
1988.64066	2.72887	1.98621	2.50824	1.92960	-3.86126	4.14215	-16.89727	9.36788	0.00088	0.10437	0.01368	0.00942	0.01255	0.01009
1988.66804	2.73249	1.96302	2.50012	1.93872	-6.11447	6.86226	-11.68539	1.70616	-0.00034	0.10478	0.01332	0.00962	0.01265	0.00925
1988.69541	2.71437	1.96141	2.52734	1.95858	-5.50130	4.97061	-6.43198	-2.44181	-0.00122	0.10526	0.01350	0.00940	0.01198	0.00911
1988.72279	2.71587	1.98531	2.54127	1.97482	-2.03511	7.24438	-5.36898	-3.42807	-0.00156	0.10552	0.01353	0.00843	0.01163	0.00908
1988.75017	2.70400	1.96554	2.51764	1.95921	-6.69191	10.12731	-3.04725	-2.51194	-0.00073	0.10849	0.01315	0.00950	0.01195	0.00949
1988.77755	2.70656	1.95453	2.52597	1.93199	-4.97482	9.86918	3.46278	-3.90048	-0.00078	0.10876	0.01310	0.00938	0.01144	0.00929
1988.80493	2.70951	1.92372	2.52022	1.93043	-5.73686	14.54725	6.11166	-0.75251	-0.00232	0.11047	0.01311	0.00938	0.01193	0.00856
1988.83231	2.70831	1.92803	2.54328	1.93277	-6.18168	14.75572	7.22663	-2.99940	-0.00233	0.11048	0.01290	0.00922	0.01214	0.00880
1988.85969	2.70906	1.92595	2.55131	1.91254	-3.25752	10.06049	8.28943	-4.59691	-0.00201	0.11108	0.01315	0.00943	0.01226	0.00859
1988.88706	2.68496	1.91757	2.53895	1.91195	-1.03943	5.92055	5.23706	-5.11216	-0.00170	0.11178	0.01325	0.00970	0.01231	0.00853
1988.91444	2.68475	1.92871	2.52443	1.91029	-3.79294	9.17586	4.98254	-4.97101	-0.00150	0.11182	0.01311	0.00969	0.01259	0.00828
1988.94182	2.71287	1.94458	2.50515	1.89249	-0.44823	5.12921	4.58056	-2.15279	-0.00127	0.11172	0.01317	0.00979	0.01294	0.00892
1988.96920	2.71414	1.97026	2.48458	1.88779	3.24368	-0.20746	3.75612	-0.75271	-0.00133	0.11167	0.01299	0.00911	0.01265	0.00878
1988.99658	2.70259	1.95195	2.48116	1.87620	3.91172	0.85263	3.47723	0.36366	-0.00116	0.11166	0.01273	0.00903	0.01242	0.00897
1989.02396	2.70573	1.92431	2.49450	1.89599	6.93148	6.48295	-0.46770	5.11507	-0.00140	0.11162	0.01283	0.00948	0.01207	0.00905
1989.05133	2.71676	1.93157	2.51968	1.91218	3.61527	4.65770	-1.11868	3.10945	-0.00172	0.11145	0.01268	0.01005	0.01233	0.00890
1989.07871	2.74100	1.93092	2.53339	1.88571	1.74779	3.44743	-3.54093	5.91623	-0.00125	0.11057	0.01279	0.01002	0.01232	0.00965
1989.10609	2.74841	1.89885	2.52955	1.88300	0.72191	8.74980	-8.27518	5.51033	-0.00166	0.10934	0.01234	0.00985	0.01258	0.00943
1989.13347	2.76773	1.86870	2.51933	1.91138	3.11517	13.32604	-8.53411	8.92346	-0.00249	0.10981	0.01298	0.00967	0.01283	0.00941
1989.16085	2.74900	1.84026	2.52175	1.89772	3.43830	8.37871	-3.95465	7.07283	-0.00283	0.11069	0.01300	0.00967	0.01271	0.00956
1989.18823	2.71492	1.80967	2.50326	1.85811	3.25201	0.93900	-7.35363	5.14426	-0.00195	0.11174	0.01305	0.00916	0.01219	0.00925
1989.21561	2.71834	1.80787	2.48812	1.84340	3.10734	-1.33758	-8.56260	4.09932	-0.00121	0.11161	0.01303	0.00897	0.01249	0.00953
1989.24298	2.73223	1.79087	2.48127	1.82302	3.83999	5.11798	-6.78933	0.34149	-0.00121	0.11156	0.01305	0.00885	0.01268	0.00845
1989.27036	2.73408	1.81779	2.47852	1.83728	0.78993	5.66282	-8.53481	2.83587	-0.00060	0.11119	0.01276	0.00881	0.01271	0.00952
1989.29774	2.73475	1.80559	2.47833	1.83721	4.24699	3.02047	-9.46569	0.75873	0.00070	0.11039	0.01334	0.00930	0.01252	0.01057
1989.32512	2.74515	1.82828	2.46887	1.84227	2.09551	1.05799	-5.99278	-0.63403	0.00119	0.11033	0.01414	0.00916	0.01197	0.00976
1989.35250	2.73804	1.81523	2.47197	1.82398	5.78321	-0.44242	-2.87219	-5.27197	0.00095	0.11060	0.01409	0.00908	0.01257	0.00964
1989.37988	2.71350	1.81633	2.45735	1.79587	1.98134	1.28602	-0.99880	-9.91122	0.00137	0.11213	0.01409	0.00869	0.01294	0.00956
1989.40726	2.69523	1.80748	2.46908	1.79239	0.52689	3.30758	2.64737	-9.24679	0.00064	0.11251	0.01363	0.00973	0.01341	0.00918
1989.43463	2.69838	1.79963	2.47700	1.81048	-4.50130	6.14717	-1.57765	-1.21238	0.00022	0.11224	0.01352	0.00960	0.01308	0.00861
1989.46201	2.68746	1.76042	2.47202	1.84505	-3.99338	7.00572	-3.49448	-1.54876	-0.00147	0.11319	0.01368	0.00906	0.01274	0.00893
1989.48939	2.71805	1.79852	2.47806	1.84721	-5.59410	4.79755	-8.03341	4.81852	-0.00180	0.11183	0.01362	0.00896	0.01277	0.00969
1989.51677	2.78796	1.79288	2.52727	1.85268	-6.86778	5.89386	-8.91944	10.82925	-0.00225	0.10952	0.01333	0.00952	0.01249	0.00947
1989.54415	2.87248	1.79579	2.53022	1.85751	-9.79524	11.91252	-10.26244	15.26966	-0.00227	0.10799	0.01319	0.01004	0.01301	0.00962
1989.57153	2.89353	1.79332	2.53145	1.86637	-10.24388	14.89817	-11.77548	14.67576	-0.00265	0.10814	0.01273	0.01046	0.01313	0.00926
1989.59890	2.89276	1.78382	2.53238	1.83820	-5.55708	12.15690	-11.72903	16.31661	-0.00236	0.10823	0.01240	0.01113	0.01307	0.00963
1989.62628	2.88233	1.79319	2.52937	1.80371	-3.46629	5.34270	-12.83307	7.01705	-0.00102	0.10875	0.01258	0.01025	0.01295	0.00993
1989.65366	2.89718	1.84137	2.51410	1.83058	-1.21539	-2.95536	-18.92576	11.73626	-0.00088	0.10754	0.01300	0.00983	0.01323	0.00944
1989.68104	2.97042	1.92015	2.49405	1.86872	-3.14205	-6.00612	-20.72442	13.24077	-0.00032	0.10526	0.01342	0.00952	0.01348	0.01004
1989.70842	2.96934	1.92268	2.49129	1.86560	-4.30006	-7.59751	-22.88955	13.03250	-0.00008	0.10543	0.01329	0.00905	0.01326	0.00962
1989.73580	2.93663	1.88832	2.47385	1.83173	-5.63162	-1.31892	-22.12580	11.14346	0.00076	0.10670	0.01365	0.00938	0.01263	0.01037
1989.76318	2.96015	1.92102	2.51730	1.87507	-4.58959	-5.00181	-20.03983	11.39406	0.00087	0.10409	0.01295	0.00994	0.01249	0.01027
1989.79055	2.99123	2.00743	2.54810	1.99271	-1.76515	-17.41553	-14.48947	12.76485	0.00035	0.09910	0.01418	0.00968	0.01271	0.01035
1989.81793	2.97248	2.02023	2.55755	2.02444	0.77839	-10.80498	-8.97131	7.23124	-0.00005	0.09967	0.01422	0.00991	0.01316	0.00935
1989.84531	2.91564	1.97318	2.56061	1.99652	2.28612	-5.16593	-15.42677	11.39296	0.00030	0.10216	0.01427	0.01006	0.01272	0.00972
1989.87269	2.90120	1.98236	2.58618	2.00820	2.98736	-6.33016	-14.74438	9.39607	-0.00061	0.10284	0.01427	0.01016	0.01259	0.01015
1989.90007	2.90412	1.99940	2.58774	2.02714	4.27006	-9.90730	-12.29504	9.55046	-0.00056	0.10241	0.01409	0.00981	0.01285	0.00984
1989.92745	2.90824	1.99419	2.58159	2.00911	3.90349	-7.07855	-15.70496	11.49428	-0.00027	0.10183	0.01394	0.01009	0.01305	0.01024
1989.95483	2.90299	2.00446	2.59540	2.02512	0.47542	-6.24940	-13.95536	8.73415	-0.00043	0.10126	0.01366	0.01066	0.01356	0.01010
1989.98220	2.92075	2.00851	2.57904	2.01230	-0.13493	-3.39376	-14.54966	6.95496	0.00005	0.10142	0.01371	0.01128	0.01388	0.00994
