1950.1667 -1.4
1950.25 -1.3
1950.3333 -1.2
1950.4167 -1.2
1950.5 -1.1
1950.5833 -0.9
1950.6667 -0.6
1950.75 -0.5
1950.8333 -0.4
1950.9167 -0.5
1951 -0.6
1951.0833 -0.7
1951.1667 -0.8
1951.25 -0.6
1951.3333 -0.4
1951.4167 -0.2
1951.5 0
1951.5833 0.4
1951.6667 0.6
1951.75 1
1951.8333 1.1
1951.9167 1.2
1952 1.1
1952.0833 0.9
1952.1667 0.6
1952.25 0.4
1952.3333 0.3
1952.4167 0.3
1952.5 0.3
1952.5833 0.1
1952.6667 -0.1
1952.75 0
1952.8333 0.2
1952.9167 0.2
1953 0.2
1953.0833 0.3
1953.1667 0.5
1953.25 0.6
1953.3333 0.6
1953.4167 0.7
1953.5 0.7
1953.5833 0.7
1953.6667 0.7
1953.75 0.7
1953.8333 0.8
1953.9167 0.8
1954 0.8
1954.0833 0.8
1954.1667 0.7
1954.25 0.5
1954.3333 0.1
1954.4167 -0.4
1954.5 -0.5
1954.5833 -0.5
1954.6667 -0.6
1954.75 -0.7
1954.8333 -0.8
1954.9167 -0.7
1955 -0.7
1955.0833 -0.7
1955.1667 -0.7
1955.25 -0.7
1955.3333 -0.7
1955.4167 -0.8
1955.5 -0.8
1955.5833 -0.8
1955.6667 -0.8
1955.75 -0.7
1955.8333 -1.1
1955.9167 -1.4
1956 -1.7
1956.0833 -1.6
1956.1667 -1.1
1956.25 -0.8
1956.3333 -0.6
1956.4167 -0.5
1956.5 -0.5
1956.5833 -0.5
1956.6667 -0.5
1956.75 -0.6
1956.8333 -0.5
1956.9167 -0.5
1957 -0.5
1957.0833 -0.5
1957.1667 -0.3
1957.25 0.1
1957.3333 0.4
1957.4167 0.7
1957.5 0.9
1957.5833 1
1957.6667 1.1
1957.75 1.2
1957.8333 1.2
1957.9167 1.3
1958 1.5
1958.0833 1.8
1958.1667 1.8
1958.25 1.6
1958.3333 1.2
1958.4167 0.9
1958.5 0.7
1958.5833 0.6
1958.6667 0.5
1958.75 0.3
1958.8333 0.3
1958.9167 0.4
1959 0.5
1959.0833 0.6
1959.1667 0.6
1959.25 0.6
1959.3333 0.5
1959.4167 0.3
1959.5 0.2
1959.5833 -0.1
1959.6667 -0.2
1959.75 -0.3
1959.8333 -0.1
1959.9167 0
1960 0.1
1960.0833 0
1960.1667 -0.1
1960.25 -0.2
1960.3333 -0.2
1960.4167 -0.1
1960.5 -0.1
1960.5833 0
1960.6667 0.1
1960.75 0.2
1960.8333 0.2
1960.9167 0.1
1961 0.1
1961.0833 0.1
1961.1667 0
1961.25 0
1961.3333 0
1961.4167 0.1
1961.5 0.3
1961.5833 0.4
1961.6667 0.2
1961.75 -0.1
1961.8333 -0.3
1961.9167 -0.3
1962 -0.2
1962.0833 -0.1
1962.1667 -0.2
1962.25 -0.3
1962.3333 -0.3
1962.4167 -0.3
1962.5 -0.2
1962.5833 -0.2
1962.6667 0
1962.75 -0.1
1962.8333 -0.2
1962.9167 -0.3
1963 -0.4
1963.0833 -0.5
1963.1667 -0.4
1963.25 -0.2
1963.3333 0.1
1963.4167 0.3
1963.5 0.3
1963.5833 0.5
1963.6667 0.8
1963.75 1.1
1963.8333 1.2
1963.9167 1.3
1964 1.4
1964.0833 1.3
1964.1667 1.1
1964.25 0.6
1964.3333 0.1
1964.4167 -0.4
1964.5 -0.6
1964.5833 -0.6
1964.6667 -0.6
1964.75 -0.7
1964.8333 -0.8
1964.9167 -0.8
1965 -0.8
1965.0833 -0.8
1965.1667 -0.6
1965.25 -0.3
1965.3333 0
1965.4167 0.2
1965.5 0.5
1965.5833 0.8
1965.6667 1.2
1965.75 1.5
1965.8333 1.7
1965.9167 1.9
1966 1.9
1966.0833 1.7
1966.1667 1.4
1966.25 1.1
1966.3333 0.9
1966.4167 0.6
1966.5 0.4
1966.5833 0.3
1966.6667 0.3
1966.75 0.1
1966.8333 0
1966.9167 -0.1
1967 -0.1
1967.0833 -0.2
1967.1667 -0.3
1967.25 -0.4
1967.3333 -0.5
1967.4167 -0.4
1967.5 -0.2
1967.5833 0.1
1967.6667 0.1
1967.75 -0.1
1967.8333 -0.3
1967.9167 -0.3
1968 -0.3
1968.0833 -0.4
1968.1667 -0.6
1968.25 -0.8
1968.3333 -0.7
1968.4167 -0.5
1968.5 -0.2
1968.5833 0.1
1968.6667 0.4
1968.75 0.5
1968.8333 0.5
1968.9167 0.6
1969 0.8
1969.0833 1
1969.1667 1.1
1969.25 1.1
1969.3333 1
1969.4167 0.9
1969.5 0.8
1969.5833 0.6
1969.6667 0.5
1969.75 0.5
1969.8333 0.8
1969.9167 0.9
1970 0.9
1970.0833 0.8
1970.1667 0.6
1970.25 0.4
1970.3333 0.4
1970.4167 0.3
1970.5 0.1
1970.5833 -0.2
1970.6667 -0.5
1970.75 -0.7
1970.8333 -0.7
1970.9167 -0.7
1971 -0.8
1971.0833 -1
1971.1667 -1.2
1971.25 -1.3
1971.3333 -1.1
1971.4167 -0.8
1971.5 -0.7
1971.5833 -0.7
1971.6667 -0.7
1971.75 -0.7
1971.8333 -0.7
1971.9167 -0.8
1972 -0.9
1972.0833 -0.8
1972.1667 -0.6
1972.25 -0.3
1972.3333 0.1
1972.4167 0.4
1972.5 0.6
1972.5833 0.8
1972.6667 1.1
1972.75 1.4
1972.8333 1.6
1972.9167 1.9
1973 2.1
1973.0833 2.1
1973.1667 1.8
1973.25 1.2
1973.3333 0.6
1973.4167 -0.1
1973.5 -0.5
1973.5833 -0.8
1973.6667 -1
1973.75 -1.2
1973.8333 -1.3
1973.9167 -1.6
1974 -1.9
1974.0833 -2
1974.1667 -1.9
1974.25 -1.6
1974.3333 -1.2
1974.4167 -1
1974.5 -0.8
1974.5833 -0.7
1974.6667 -0.5
1974.75 -0.4
1974.8333 -0.4
1974.9167 -0.6
1975 -0.8
1975.0833 -0.7
1975.1667 -0.5
1975.25 -0.5
1975.3333 -0.6
1975.4167 -0.7
1975.5 -0.8
1975.5833 -1
1975.6667 -1.1
1975.75 -1.2
1975.8333 -1.4
1975.9167 -1.5
1976 -1.6
1976.0833 -1.7
1976.1667 -1.5
1976.25 -1.1
1976.3333 -0.7
1976.4167 -0.5
1976.5 -0.3
1976.5833 -0.1
1976.6667 0.2
1976.75 0.4
1976.8333 0.6
1976.9167 0.7
1977 0.8
1977.0833 0.8
1977.1667 0.6
1977.25 0.6
1977.3333 0.3
1977.4167 0.3
1977.5 0.3
1977.5833 0.4
1977.6667 0.4
1977.75 0.4
1977.8333 0.5
1977.9167 0.7
1978 0.8
1978.0833 0.8
1978.1667 0.7
1978.25 0.5
1978.3333 0.1
1978.4167 -0.2
1978.5 -0.3
1978.5833 -0.3
1978.6667 -0.3
1978.75 -0.4
1978.8333 -0.4
1978.9167 -0.3
1979 -0.1
1979.0833 -0.1
1979.1667 -0.1
1979.25 0.1
1979.3333 0.2
1979.4167 0.3
1979.5 0.2
1979.5833 0
1979.6667 0
1979.75 0.2
1979.8333 0.3
1979.9167 0.5
1980 0.5
1980.0833 0.6
1980.1667 0.5
1980.25 0.4
1980.3333 0.3
1980.4167 0.3
1980.5 0.4
1980.5833 0.4
1980.6667 0.3
1980.75 0.1
1980.8333 -0.1
1980.9167 0
1981 0
1981.0833 -0.1
1981.1667 -0.4
1981.25 -0.6
1981.3333 -0.5
1981.4167 -0.4
1981.5 -0.3
1981.5833 -0.3
1981.6667 -0.4
1981.75 -0.4
1981.8333 -0.3
1981.9167 -0.2
1982 -0.2
1982.0833 -0.1
1982.1667 -0.1
1982.25 0
1982.3333 0.1
1982.4167 0.3
1982.5 0.5
1982.5833 0.7
1982.6667 0.7
1982.75 1
1982.8333 1.5
1982.9167 1.9
1983 2.1
1983.0833 2.2
1983.1667 2.2
1983.25 1.9
1983.3333 1.5
1983.4167 1.2
1983.5 0.9
1983.5833 0.6
1983.6667 0.2
1983.75 -0.2
1983.8333 -0.5
1983.9167 -0.8
1984 -0.9
1984.0833 -0.8
1984.1667 -0.5
1984.25 -0.3
1984.3333 -0.3
1984.4167 -0.4
1984.5 -0.5
1984.5833 -0.5
1984.6667 -0.3
1984.75 -0.2
1984.8333 -0.3
1984.9167 -0.6
1985 -0.9
1985.0833 -1.1
1985.1667 -1
1985.25 -0.9
1985.3333 -0.7
1985.4167 -0.7
1985.5 -0.7
1985.5833 -0.6
1985.6667 -0.5
1985.75 -0.5
1985.8333 -0.5
1985.9167 -0.4
1986 -0.4
1986.0833 -0.4
1986.1667 -0.5
1986.25 -0.4
1986.3333 -0.2
1986.4167 -0.2
1986.5 -0.1
1986.5833 0
1986.6667 0.3
1986.75 0.5
1986.8333 0.7
1986.9167 0.9
1987 1.1
1987.0833 1.2
1987.1667 1.2
1987.25 1.3
1987.3333 1.2
1987.4167 1.1
1987.5 1
1987.5833 1.2
1987.6667 1.4
1987.75 1.6
1987.8333 1.6
1987.9167 1.5
1988 1.3
1988.0833 1.1
1988.1667 0.8
1988.25 0.5
1988.3333 0.1
1988.4167 -0.2
1988.5 -0.8
1988.5833 -1.2
1988.6667 -1.3
1988.75 -1.2
1988.8333 -1.3
1988.9167 -1.6
1989 -1.9
1989.0833 -1.9
1989.1667 -1.7
1989.25 -1.5
1989.3333 -1.1
1989.4167 -0.8
1989.5 -0.6
1989.5833 -0.4
1989.6667 -0.3
1989.75 -0.3
1989.8333 -0.3
1989.9167 -0.3
1990 -0.2
1990.0833 -0.1
1990.1667 0.1
1990.25 0.2
1990.3333 0.3
1990.4167 0.3
1990.5 0.2
1990.5833 0.2
1990.6667 0.3
1990.75 0.3
1990.8333 0.4
1990.9167 0.3
1991 0.4
1991.0833 0.4
1991.1667 0.3
1991.25 0.2
1991.3333 0.2
1991.4167 0.3
1991.5 0.5
1991.5833 0.7
1991.6667 0.8
1991.75 0.7
1991.8333 0.7
1991.9167 0.8
1992 1.2
1992.0833 1.4
1992.1667 1.6
1992.25 1.5
1992.3333 1.4
1992.4167 1.2
1992.5 1
1992.5833 0.7
1992.6667 0.3
1992.75 0
1992.8333 -0.2
1992.9167 -0.3
1993 -0.2
1993.0833 0
1993.1667 0.2
1993.25 0.3
1993.3333 0.5
1993.4167 0.6
1993.5 0.6
1993.5833 0.5
1993.6667 0.3
1993.75 0.2
1993.8333 0.2
1993.9167 0.2
1994 0.1
1994.0833 0.1
1994.1667 0.1
1994.25 0.1
1994.3333 0.2
1994.4167 0.3
1994.5 0.4
1994.5833 0.4
1994.6667 0.4
1994.75 0.4
1994.8333 0.5
1994.9167 0.7
1995 1
1995.0833 1.2
1995.1667 1
1995.25 0.8
1995.3333 0.6
1995.4167 0.3
1995.5 0.2
1995.5833 0
1995.6667 -0.2
1995.75 -0.4
1995.8333 -0.7
1995.9167 -0.8
1996 -0.9
1996.0833 -0.9
1996.1667 -0.9
1996.25 -0.8
1996.3333 -0.6
1996.4167 -0.4
1996.5 -0.3
1996.5833 -0.2
1996.6667 -0.2
1996.75 -0.3
1996.8333 -0.3
1996.9167 -0.3
1997 -0.4
1997.0833 -0.5
1997.1667 -0.5
1997.25 -0.4
1997.3333 -0.1
1997.4167 0.2
1997.5 0.7
1997.5833 1.2
1997.6667 1.5
1997.75 1.8
1997.8333 2.1
1997.9167 2.3
1998 2.4
1998.0833 2.3
1998.1667 2.2
1998.25 1.8
1998.3333 1.4
1998.4167 0.9
1998.5 0.4
1998.5833 -0.2
1998.6667 -0.7
1998.75 -1
1998.8333 -1.2
1998.9167 -1.3
1999 -1.4
1999.0833 -1.5
1999.1667 -1.5
1999.25 -1.3
1999.3333 -1
1999.4167 -0.9
1999.5 -0.9
1999.5833 -1
1999.6667 -1
1999.75 -1.1
1999.8333 -1.1
1999.9167 -1.3
2000 -1.5
2000.0833 -1.7
2000.1667 -1.7
2000.25 -1.5
2000.3333 -1.2
2000.4167 -0.9
2000.5 -0.8
2000.5833 -0.7
2000.6667 -0.6
2000.75 -0.5
2000.8333 -0.6
2000.9167 -0.6
2001 -0.8
2001.0833 -0.8
2001.1667 -0.7
2001.25 -0.6
2001.3333 -0.5
2001.4167 -0.4
2001.5 -0.2
2001.5833 -0.1
2001.6667 0
2001.75 0
2001.8333 -0.1
2001.9167 -0.2
2002 -0.3
2002.0833 -0.3
2002.1667 -0.2
2002.25 0
2002.3333 0.1
2002.4167 0.3
2002.5 0.5
2002.5833 0.7
2002.6667 0.8
2002.75 0.8
2002.8333 0.9
2002.9167 1.2
2003 1.3
2003.0833 1.3
2003.1667 1.1
2003.25 0.8
2003.3333 0.4
2003.4167 0
2003.5 -0.2
2003.5833 -0.1
2003.6667 0.2
2003.75 0.4
2003.8333 0.4
2003.9167 0.4
2004 0.4
2004.0833 0.3
2004.1667 0.3
2004.25 0.2
2004.3333 0.1
2004.4167 0.1
2004.5 0.2
2004.5833 0.3
2004.6667 0.5
2004.75 0.7
2004.8333 0.8
2004.9167 0.7
2005 0.7
2005.0833 0.7
2005.1667 0.6
2005.25 0.4
2005.3333 0.3
2005.4167 0.3
2005.5 0.3
2005.5833 0.3
2005.6667 0.2
2005.75 0.1
2005.8333 0
2005.9167 -0.2
2006 -0.5
2006.0833 -0.8
2006.1667 -0.9
2006.25 -0.7
2006.3333 -0.5
2006.4167 -0.3
2006.5 0
2006.5833 0.1
2006.6667 0.2
2006.75 0.3
2006.8333 0.5
2006.9167 0.8
2007 1
2007.0833 1
2007.1667 0.7
2007.25 0.3
2007.3333 -0.1
2007.4167 -0.2
2007.5 -0.3
2007.5833 -0.3
2007.6667 -0.4
2007.75 -0.6
2007.8333 -0.8
2007.9167 -1.1
2008 -1.2
2008.0833 -1.4
2008.1667 -1.5
2008.25 -1.5
2008.3333 -1.2
2008.4167 -0.9
2008.5 -0.7
2008.5833 -0.5
2008.6667 -0.3
2008.75 -0.2
2008.8333 -0.1
2008.9167 -0.2
2009 -0.5
2009.0833 -0.7
2009.1667 -0.8
2009.25 -0.7
2009.3333 -0.5
2009.4167 -0.2
2009.5 0.2
2009.5833 0.4
2009.6667 0.5
2009.75 0.6
2009.8333 0.8
2009.9167 1.1
2010 1.4
2010.0833 1.6
2010.1667 1.6
2010.25 1.3
2010.3333 1
2010.4167 0.6
2010.5 0.1
2010.5833 -0.4
2010.6667 -0.9
2010.75 -1.2
2010.8333 -1.4
2010.9167 -1.5
2011 -1.5
2011.0833 -1.5
2011.1667 -1.4
2011.25 -1.2
2011.3333 -0.9
2011.4167 -0.6
2011.5 -0.3
2011.5833 -0.2
2011.6667 -0.2
2011.75 -0.4
2011.8333 -0.6
2011.9167 -0.8
2012 -1
2012.0833 -1
2012.1667 -0.9
2012.25 -0.6
2012.3333 -0.5
2012.4167 -0.3
2012.5 -0.2
2012.5833 0
2012.6667 0.1
2012.75 0.4
2012.8333 0.5
2012.9167 0.6
2013 0.2
2013.0833 -0.3
2013.1667 -0.6
2013.25 -0.6
2013.3333 -0.4
2013.4167 -0.2
2013.5 -0.2
2013.5833 -0.3
2013.6667 -0.3
2013.75 -0.3
2013.8333 -0.3
2013.9167 -0.2
2014 -0.3
2014.0833 -0.4
2014.1667 -0.6
2014.25 -0.6
2014.3333 -0.5
